TRAIN: [  0   1   2   3   4   5   6   7   8   9  11  12  13  14  16  18  19  20
  21  22  23  24  25  26  27  28  29  31  32  33  34  35  37  38  39  40
  41  42  43  44  45  46  47  48  49  50  51  55  56  58  59  61  62  63
  64  65  67  68  69  70  71  72  73  74  77  78  79  80  82  83  84  85
  86  87  88  89  90  91  92  94  95  96  97  99 100 101 102 103 104 105
 106 107 108 109 111 115 119 120 122 125 126 127 128 129 130 131 132 133
 134 137 139 141 142 143 144 145 146 147 148 149] TEST: [ 10  15  17  30  36  52  53  54  57  60  66  75  76  81  93  98 110 112
 113 114 116 117 118 121 123 124 135 136 138 140]
TRAIN: [  0   1   2   5   6   7   8   9  10  11  12  13  14  15  16  17  18  19
  20  21  22  24  25  26  27  28  29  30  31  33  34  35  36  37  40  42
  43  44  46  47  49  50  51  52  53  54  57  58  60  62  63  64  65  66
  67  70  71  73  74  75  76  77  79  80  81  82  84  85  87  88  89  91
  92  93  94  97  98  99 100 101 103 104 105 106 107 108 109 110 111 112
 113 114 115 116 117 118 119 120 121 122 123 124 125 126 127 128 129 130
 132 133 134 135 136 138 140 141 143 145 146 148] TEST: [  3   4  23  32  38  39  41  45  48  55  56  59  61  68  69  72  78  83
  86  90  95  96 102 131 137 139 142 144 147 149]
TRAIN: [  0   1   2   3   4   7   8   9  10  11  12  13  14  15  16  17  18  19
  20  21  22  23  25  27  28  29  30  31  32  33  34  36  37  38  39  41
  42  45  46  47  48  49  50  51  52  53  54  55  56  57  58  59  60  61
  63  64  66  68  69  71  72  74  75  76  78  81  83  84  86  87  88  89
  90  91  92  93  94  95  96  97  98  99 100 101 102 104 105 107 110 111
 112 113 114 116 117 118 121 123 124 125 126 128 129 131 132 133 135 136
 137 138 139 140 141 142 143 144 145 146 147 149] TEST: [  5   6  24  26  35  40  43  44  62  65  67  70  73  77  79  80  82  85
 103 106 108 109 115 119 120 122 127 130 134 148]
TRAIN: [  1   3   4   5   6   7   8   9  10  14  15  16  17  18  20  21  23  24
  26  27  28  29  30  31  32  33  34  35  36  38  39  40  41  42  43  44
  45  46  48  50  52  53  54  55  56  57  58  59  60  61  62  63  65  66
  67  68  69  70  72  73  74  75  76  77  78  79  80  81  82  83  85  86
  89  90  92  93  95  96  98 100 101 102 103 104 105 106 108 109 110 111
 112 113 114 115 116 117 118 119 120 121 122 123 124 127 130 131 134 135
 136 137 138 139 140 142 144 145 146 147 148 149] TEST: [  0   2  11  12  13  19  22  25  37  47  49  51  64  71  84  87  88  91
  94  97  99 107 125 126 128 129 132 133 141 143]
TRAIN: [  0   2   3   4   5   6  10  11  12  13  15  17  19  22  23  24  25  26
  30  32  35  36  37  38  39  40  41  43  44  45  47  48  49  51  52  53
  54  55  56  57  59  60  61  62  64  65  66  67  68  69  70  71  72  73
  75  76  77  78  79  80  81  82  83  84  85  86  87  88  90  91  93  94
  95  96  97  98  99 102 103 106 107 108 109 110 112 113 114 115 116 117
 118 119 120 121 122 123 124 125 126 127 128 129 130 131 132 133 134 135
 136 137 138 139 140 141 142 143 144 147 148 149] TEST: [  1   7   8   9  14  16  18  20  21  27  28  29  31  33  34  42  46  50
  58  63  74  89  92 100 101 104 105 111 145 146]
[0.8, 0.7333333333333333, 0.7333333333333333, 0.8333333333333334, 0.8666666666666667]
[0.2, 0.26666666666666666, 0.26666666666666666, 0.16666666666666666, 0.13333333333333333]
