TRAIN: [  0   1   2   3   4   5   6   7   8   9  10  11  12  14  15  17  18  19
  20  21  23  24  26  27  28  29  30  31  32  33  34  35  36  37  38  39
  40  41  43  44  45  46  47  51  52  53  54  55  57  58  59  60  61  62
  64  65  66  67  68  69  71  72  73  74  75  76  77  78  81  82  83  84
  85  86  88  89  90  91  92  94  95  97  98  99 101 102 103 105 106 107
 108 110 111 112 113 116 117 118 119 120 123 127 129 130 131 133 134 135
 136 137 140 141 142 143 144 145 146 147 148 149] TEST: [ 13  16  22  25  42  48  49  50  56  63  70  79  80  87  93  96 100 104
 109 114 115 121 122 124 125 126 128 132 138 139]
TRAIN: [  0   1   2   5   6   7   8   9  10  11  12  13  14  15  16  17  18  19
  20  21  22  23  25  26  27  28  30  31  32  33  34  36  37  38  39  41
  42  44  45  47  48  49  50  51  53  56  57  58  60  62  63  65  66  67
  68  69  70  71  73  75  76  78  79  80  82  83  84  86  87  88  89  91
  92  93  94  96  97  98  99 100 101 103 104 105 106 107 109 110 111 112
 113 114 115 116 117 118 119 120 121 122 123 124 125 126 127 128 129 130
 131 132 133 135 136 137 138 139 144 146 147 149] TEST: [  3   4  24  29  35  40  43  46  52  54  55  59  61  64  72  74  77  81
  85  90  95 102 108 134 140 141 142 143 145 148]
TRAIN: [  0   1   2   3   4   7   8   9  10  11  12  13  14  15  16  17  18  19
  21  22  23  24  25  26  28  29  30  32  33  34  35  38  39  40  41  42
  43  44  45  46  47  48  49  50  52  53  54  55  56  57  58  59  60  61
  63  64  67  70  72  73  74  76  77  78  79  80  81  83  85  87  88  90
  92  93  94  95  96  98  99 100 101 102 103 104 105 106 107 108 109 113
 114 115 116 117 118 120 121 122 123 124 125 126 128 129 132 133 134 135
 136 138 139 140 141 142 143 144 145 146 148 149] TEST: [  5   6  20  27  31  36  37  51  62  65  66  68  69  71  75  82  84  86
  89  91  97 110 111 112 119 127 130 131 137 147]
TRAIN: [  2   3   4   5   6   7   8  11  12  13  14  15  16  20  21  22  23  24
  25  26  27  29  30  31  32  33  35  36  37  38  39  40  41  42  43  44
  45  46  48  49  50  51  52  54  55  56  58  59  60  61  62  63  64  65
  66  68  69  70  71  72  74  75  76  77  78  79  80  81  82  84  85  86
  87  89  90  91  93  95  96  97  99 100 102 104 106 107 108 109 110 111
 112 113 114 115 117 119 121 122 123 124 125 126 127 128 130 131 132 134
 137 138 139 140 141 142 143 145 146 147 148 149] TEST: [  0   1   9  10  17  18  19  28  34  47  53  57  67  73  83  88  92  94
  98 101 103 105 116 118 120 129 133 135 136 144]
TRAIN: [  0   1   3   4   5   6   9  10  13  16  17  18  19  20  22  24  25  27
  28  29  31  34  35  36  37  40  42  43  46  47  48  49  50  51  52  53
  54  55  56  57  59  61  62  63  64  65  66  67  68  69  70  71  72  73
  74  75  77  79  80  81  82  83  84  85  86  87  88  89  90  91  92  93
  94  95  96  97  98 100 101 102 103 104 105 108 109 110 111 112 114 115
 116 118 119 120 121 122 124 125 126 127 128 129 130 131 132 133 134 135
 136 137 138 139 140 141 142 143 144 145 147 148] TEST: [  2   7   8  11  12  14  15  21  23  26  30  32  33  38  39  41  44  45
  58  60  76  78  99 106 107 113 117 123 146 149]
[0.7, 0.8666666666666667, 0.7333333333333333, 0.8, 0.9]
[0.3, 0.13333333333333333, 0.26666666666666666, 0.2, 0.1]
