TRAIN: [  0   1   2   3   4   5   7   8   9  10  11  12  13  15  17  18  19  20
  21  22  23  24  25  26  27  29  30  31  32  33  34  35  36  37  38  39
  41  42  43  44  45  48  50  51  52  54  55  56  58  59  60  61  62  63
  64  65  66  68  69  70  71  72  73  74  75  76  77  78  81  82  83  84
  85  86  87  89  90  91  92  94  95  96  97 100 101 102 104 105 106 107
 108 109 110 112 113 114 116 118 123 124 126 127 128 131 132 133 134 135
 136 137 138 139 140 143 144 145 146 147 148 149] TEST: [  6  14  16  28  40  46  47  49  53  57  67  79  80  88  93  98  99 103
 111 115 117 119 120 121 122 125 129 130 141 142]
TRAIN: [  0   1   2   5   6   7   8   9  10  11  12  13  14  15  16  17  18  19
  20  21  22  23  25  26  27  28  29  31  32  33  35  36  37  38  39  40
  41  43  44  45  46  47  49  53  54  55  57  59  60  62  63  64  65  67
  68  70  71  72  73  76  77  78  79  80  82  83  85  86  87  88  89  90
  92  93  94  96  97  98  99 100 102 103 104 105 106 108 109 110 111 112
 113 114 115 116 117 118 119 120 121 122 123 124 125 126 127 128 129 130
 131 132 133 136 138 139 140 141 142 145 146 148] TEST: [  3   4  24  30  34  42  48  50  51  52  56  58  61  66  69  74  75  81
  84  91  95 101 107 134 135 137 143 144 147 149]
TRAIN: [  0   1   2   3   4   5   6   8  10  11  12  13  14  15  16  17  18  19
  20  21  22  23  24  26  28  29  30  31  33  34  35  37  38  39  40  42
  43  44  45  46  47  48  49  50  51  52  53  55  56  57  58  59  61  62
  63  64  66  67  69  70  74  75  77  78  79  80  81  84  85  88  89  91
  92  93  94  95  96  97  98  99 100 101 102 103 104 105 106 107 110 111
 114 115 117 118 119 120 121 122 124 125 126 127 128 129 130 133 134 135
 136 137 138 140 141 142 143 144 145 146 147 149] TEST: [  7   9  25  27  32  36  41  54  60  65  68  71  72  73  76  82  83  86
  87  90 108 109 112 113 116 123 131 132 139 148]
TRAIN: [  1   3   4   5   6   7   9  10  11  14  15  16  17  18  19  20  24  25
  26  27  28  29  30  31  32  34  35  36  37  38  39  40  41  42  43  44
  46  47  48  49  50  51  52  53  54  55  56  57  58  60  61  63  65  66
  67  68  69  71  72  73  74  75  76  77  78  79  80  81  82  83  84  86
  87  88  90  91  93  95  97  98  99 101 103 105 106 107 108 109 110 111
 112 113 114 115 116 117 118 119 120 121 122 123 125 129 130 131 132 134
 135 137 139 140 141 142 143 144 145 147 148 149] TEST: [  0   2   8  12  13  21  22  23  33  45  59  62  64  70  85  89  92  94
  96 100 102 104 124 126 127 128 133 136 138 146]
TRAIN: [  0   2   3   4   6   7   8   9  12  13  14  16  21  22  23  24  25  27
  28  30  32  33  34  36  40  41  42  45  46  47  48  49  50  51  52  53
  54  56  57  58  59  60  61  62  64  65  66  67  68  69  70  71  72  73
  74  75  76  79  80  81  82  83  84  85  86  87  88  89  90  91  92  93
  94  95  96  98  99 100 101 102 103 104 107 108 109 111 112 113 115 116
 117 119 120 121 122 123 124 125 126 127 128 129 130 131 132 133 134 135
 136 137 138 139 141 142 143 144 146 147 148 149] TEST: [  1   5  10  11  15  17  18  19  20  26  29  31  35  37  38  39  43  44
  55  63  77  78  97 105 106 110 114 118 140 145]
[1.0, 1.0, 1.0, 1.0, 1.0]
[0.0, 0.0, 0.0, 0.0, 0.0]
